.Random.seed <-
c(403L, 186L, 758360997L, -801441070L, -36610850L, 2111236601L, 
1329559366L, 2134926753L, 1786670767L, 2117930928L, -1492234809L, 
89475568L, 667710636L, -1165269673L, -1935986532L, -2137785109L, 
-1908587959L, 1216758242L, 2031881929L, 1527985174L, 2126680362L, 
1208379941L, -832388862L, -1339780571L, 1689428795L, 840024476L, 
906284451L, -593646772L, -1683907472L, 2034721803L, -397468304L, 
874566839L, -1598409395L, 1103205830L, -1346842771L, 596459802L, 
-1120691594L, -537837039L, 868273182L, 474921561L, -258842697L, 
-1507297096L, 727016127L, 950729512L, -1750748732L, -203684673L, 
1231791812L, -1298473629L, -1260377567L, 999729098L, 804497057L, 
-133587090L, 407987122L, 1181283661L, 1726913482L, -972241395L, 
-1338600909L, 1726712500L, 1131724331L, 2136361105L, 2114626117L, 
687344643L, -77286854L, -970430160L, 942489546L, -155256076L, 
253267329L, 721945315L, -283241777L, 928931621L, -1222099384L, 
-533150614L, 1191745244L, 1053059158L, 808695895L, 1503887661L, 
824570153L, 1092922399L, 2033755974L, -464253284L, -632205538L, 
-2111947648L, -841852683L, 1336365999L, -927708445L, -998978639L, 
1901986596L, -677711770L, 2072781088L, -1723826318L, 1603949771L, 
-270876023L, 909212973L, -1688947029L, -657722494L, 523804440L, 
362923378L, -166480500L, 2053617785L, 67360315L, 1735166039L, 
-1157802563L, -1085581472L, -2035175582L, 309602516L, -676287090L, 
47125791L, -2106332923L, 1201331217L, 962616647L, -816455922L, 
183263236L, -1452687002L, -1571403336L, 1195874765L, 408680231L, 
353457547L, -1036235799L, 192530684L, 1423476638L, 699754904L, 
-232433654L, 1541103219L, -250468223L, -468963083L, 127794931L, 
1016756618L, -214439456L, 631303610L, -1007843708L, -1957560239L, 
373393971L, -937848097L, 1966998709L, -1474658088L, 1541073146L, 
1741161644L, -836511162L, -626406361L, 630635805L, 1167713785L, 
-1170492945L, -767855626L, -2025973172L, -1828689458L, 744612272L, 
147204485L, 677994463L, -253815117L, -819359135L, -1650807020L, 
1753525942L, 2138536560L, 1483381026L, 286759515L, -1599526727L, 
-1561162211L, -1658064293L, 894075602L, -2088594872L, -1984323614L, 
160404252L, 695006537L, 1547475531L, 859246823L, 1886385869L, 
1910677296L, 1348432050L, -1243412892L, -1544866562L, -414875217L, 
-782734283L, -1978661791L, 1798201879L, -1142610946L, -1155747596L, 
676427478L, 216637224L, -1185775651L, -1177477865L, -435715173L, 
2119687577L, 731624556L, 1770379246L, -1855915608L, -181137734L, 
-1639901245L, -346664207L, -1765468955L, 1630164579L, -92049574L, 
106102864L, 2002492714L, 2109862996L, -1335001375L, -156983165L, 
2001882927L, -334570491L, 1734384808L, 386746186L, -445035844L, 
-786334986L, -1247807433L, 1503102541L, 493760137L, 1274935871L, 
44507366L, -340485252L, 1408789118L, 1719212384L, 1794370965L, 
-502312241L, -89473149L, -1537088047L, -1156969020L, 1707274182L, 
1878425152L, -509906414L, -1449006613L, 1480921705L, -102777779L, 
-58174389L, 193560930L, -1951953416L, -797298414L, -2071968660L, 
-896261415L, 277200475L, 1917062007L, 2074796445L, -1856706112L, 
-483655998L, 87401972L, 1897364014L, 278499263L, 227740901L, 
1884336625L, -536359385L, 223913326L, 483958244L, -630873274L, 
-1731837288L, -1056286547L, -1316762553L, 1826609835L, 495402121L, 
692980764L, 1643262910L, 1780084024L, -754703510L, -1182009325L, 
866544225L, 1293401493L, 1688763987L, -377099094L, -609908096L, 
1088412442L, -120366620L, 1864363057L, -349907373L, 2099617215L, 
-1667597803L, 1916967096L, -449743014L, -1658604788L, 1074515814L, 
1979784199L, -1432557379L, -1422329639L, 1822036623L, 1852865942L, 
-141946964L, -1597648210L, 2042289040L, -807550299L, -786229505L, 
722503123L, 819229953L, -1296317644L, 147933718L, 111919120L, 
334224450L, -789820805L, -387168231L, 1827414333L, 776685563L, 
48621431L, 415963125L, 303942754L, -1968344786L, -1303534618L, 
2090854484L, -674626227L, 484533273L, 867492849L, -707769645L, 
439097672L, -1721540992L, -1996161260L, 952357142L, 1763592695L, 
2047288663L, 1817145395L, 26515969L, 573224270L, 724343522L, 
-2112851046L, -1985685136L, -798366295L, -1790833483L, 460369413L, 
-1870814697L, -1659101492L, 1574725772L, -768003472L, 1508731802L, 
-1969692613L, 237586939L, -694834225L, 1403660445L, -236572710L, 
-1974915114L, 2082498430L, 754316684L, -493606315L, 1493820033L, 
12894425L, 445719547L, -1323341824L, -1908454984L, -2132996164L, 
712567038L, -186141585L, 1966175375L, -364006693L, 1381606713L, 
522529718L, -1478490182L, 511973026L, -316440296L, -1000527679L, 
1829051981L, 809871389L, 1053250959L, -1915108556L, 985145108L, 
436093800L, 442034770L, -1481203357L, 1595658563L, -1025562073L, 
-976108955L, 574593970L, 1389196670L, -852699626L, 1214267044L, 
-1481939523L, -1266878999L, 963047073L, -612727869L, 909543544L, 
-368477136L, 574921252L, 1229945062L, -1177931769L, -921309497L, 
1391065219L, 363762609L, -1304019842L, -2111403790L, -1295976246L, 
-510954752L, 1339516601L, 1646715973L, 1243907669L, -979759577L, 
-204214148L, -2030286084L, 166171520L, 1885709162L, 2058888299L, 
2521323L, -1341934561L, -797880851L, -260880246L, 1932400646L, 
-34883314L, -75308740L, 1973826597L, 1733967025L, 2035060073L, 
1097353419L, 2039245520L, 1734356744L, 1111788716L, -426019090L, 
-162003553L, -1500654881L, -1421123573L, -1116971255L, 503848646L, 
-1945253910L, -643697294L, 488378888L, 41842353L, -451439939L, 
-839873779L, -1718688513L, 1722234820L, 2019573540L, 1626626200L, 
-775590782L, -1439709197L, -1625056429L, -1112739305L, -1183398507L, 
1292553730L, -1074693810L, 1619176326L, 361951348L, 706601389L, 
-378059271L, -1837465775L, 1819179507L, -1807069272L, 1815033056L, 
2092886772L, -1135531466L, -350296489L, -1223448393L, 531230867L, 
1408597537L, 1675011758L, 984980930L, -547572870L, 1343312208L, 
2138570121L, 1266603669L, -754956187L, -36103689L, -1721199188L, 
-1916330324L, 1361214032L, 1988675130L, -1802862885L, -1836128421L, 
70857839L, -736689603L, -1287637638L, 1657430838L, -806693922L, 
-708674900L, -228673291L, -867034143L, 1349363705L, -616999322L, 
-105514415L, -491018264L, -1385087819L, -35150362L, -1730232049L, 
1598183114L, 208264737L, -825462602L, 1140458281L, 861962428L, 
1384103629L, 598176074L, 1409278655L, -2066140618L, -805977427L, 
-504077370L, -1829682719L, 1202874056L, 656721469L, -612603138L, 
312123903L, -1339414934L, 569367745L, -1396440034L, -437615871L, 
-998614308L, -154057987L, -772287662L, 191318951L, 111914902L, 
-92065635L, -24622362L, 1843424881L, 784449144L, -133913931L, 
1503719814L, -876461969L, 641668618L, -2079705647L, 377418150L, 
-86408279L, 264805020L, -175272835L, 1162100266L, -1474397681L, 
-1725983770L, -200003683L, -1552585482L, -593313551L, -991404696L, 
1556915933L, -383213282L, -1484249297L, -663626438L, -848708127L, 
-652241106L, -1509574943L, 1614090313L, 364250528L, -1089800238L, 
457095109L, -987627303L, 1187348322L, 1222532300L, -321899771L, 
493747785L, -1345671212L, -1748862454L, 1755607121L, -192281231L, 
636487394L, -1680595136L, -1063192087L, 1537501137L, 2145725496L, 
-871127246L, -1668180299L, -356489775L, -1226491510L, 445557940L, 
515215629L, 2125565409L, -1913481948L, 1662873178L, -1146001495L, 
-777970023L, 903309962L, 22130400L, -1115858503L, -904615543L, 
1581703184L, 383409346L, 928633701L, 820780233L, 1795597042L, 
1347435708L, -1511268779L, 112881705L, 727868708L, 939802906L, 
1696377697L, -1658606175L, 1213860546L, 1929260192L, -814843591L, 
-1479561695L, 1028224120L, -1885829918L, 230935957L, 149017393L, 
-103411190L, 756967540L, -1459368275L, 214327953L, 2095510420L, 
1131297418L, -275427255L, 1987091001L, 2004007450L, 2028620192L, 
-1795366423L, -886230327L, -1132753312L, -1187563502L, -374555131L, 
-287928199L, 1460443106L, 1187847756L, 2115951365L, 755918441L, 
-1839047916L, -392689014L, 1871517425L, 1446872945L, 971447106L, 
1273402720L, 867526761L, 816036209L, 892303928L, 665641938L, 
168365173L, -1404666447L, -523471478L, -1379197068L, -640238835L, 
327448097L, -1692856636L, 1878251674L, 2054887241L, 1519126489L, 
